2457415.59311 21.342 0.314 1.92 292.0
2457426.53896 21.302 0.309 1.45 259.0
2457429.55089 20.925 0.156 3.19 353.0
2457436.54533 21.006 0.200 3.96 413.0
2457442.51511 20.546 0.256 9.99 0.0
2457450.51552 21.030 0.216 1.65 461.0
2457601.92780 22 -1 9.99 0.0
2457604.91697 22 -1 1.56 208.0
2457608.80158 22 -1 1.82 260.0
2457611.88297 21.390 0.354 9.99 0.0
2457616.87979 22 -1 9.99 0.0
2457621.89940 22 -1 9.99 0.0
2457623.85671 21.610 0.318 4.97 284.0
2457626.84829 22 -1 9.99 0.0
2457630.82820 22 -1 9.99 0.0
2457633.80666 22 -1 1.66 255.0
2457637.80032 22 -1 1.91 347.0
2457643.75268 22 -1 9.99 0.0
2457646.75355 22 -1 9.99 0.0
2457650.75014 22 -1 9.99 0.0
2457654.78559 22 -1 9.99 0.0
2457657.70622 22 -1 4.37 242.0
2457660.69760 21.805 0.403 9.99 0.0
2457664.71433 22 -1 1.43 319.0
2457672.67800 21.265 0.225 4.24 372.0
2457681.76194 21.381 0.365 9.99 0.0
2457687.69900 22 -1 1.89 430.0
2457691.63939 21.254 0.222 1.98 236.0
2457697.66199 20.876 0.160 9.99 0.0
2457700.64565 20.927 0.217 1.28 476.0
2457704.63624 21.743 0.548 2.07 605.0
2457708.58370 20.729 0.205 1.81 618.0
2457712.60658 20.639 0.199 9.99 0.0
2457719.57738 20.700 0.146 9.99 0.0
2457735.60756 20.304 0.150 1.30 617.0
2457738.58036 19.976 0.090 4.33 476.0
2457744.60776 20.140 0.089 9.99 0.0
2457754.57246 19.921 0.082 9.99 0.0
2457744.60776 20.132 0.089 9.99 0.0
2457754.57246 19.905 0.080 9.99 0.0
2457756.60035 19.942 0.071 4.53 256.0
2457758.59523 19.714 0.061 4.72 367.0
2457761.57543 20.064 0.108 1.42 402.0
2457764.62345 19.917 0.101 9.99 0.0
2457765.58498 19.997 0.164 10.38 797.0
2457768.54867 19.913 0.068 4.27 309.0
2457769.53585 20.115 0.093 9.99 0.0
2457781.51884 20.131 0.103 9.99 0.0
2457785.51008 19.912 0.091 1.69 475.0
2457787.52654 20.163 0.104 9.99 0.0
2457789.53516 19.919 0.104 1.44 421.0
2457791.54055 20.061 0.135 9.99 0.0
2457796.53121 20.076 0.123 2.19 743.0
2457797.50233 20.223 0.159 9.99 0.0
2457800.54193 20.017 0.095 1.76 241.0
2457802.50838 20.151 0.117 1.79 401.0
2457809.53151 20.346 0.140 9.99 0.0
2457916.92242 20.767 0.244 1.94 685.0
2457924.93585 20.233 0.108 4.41 560.0
2457934.94469 20.416 0.138 2.07 407.0
2457944.88099 20.388 0.163 2.01 685.0
2457946.90037 20.517 0.202 1.57 470.0
2457952.94493 20.653 0.329 9.99 0.0
2457956.84734 20.522 0.152 9.99 0.0
2457966.89654 20.509 0.185 9.99 0.0
2457972.93100 20.303 0.186 9.99 0.0
2457980.84890 20.702 0.196 4.57 486.0
2457985.85029 20.700 0.173 9.99 0.0
2457991.82338 20.601 0.126 9.99 0.0
2457994.81358 20.611 0.175 1.46 338.0
2458001.78862 20.552 0.168 5.01 525.0
2458004.75446 20.570 0.169 1.81 551.0
2458013.76445 20.637 0.127 4.68 244.0
2458020.81241 20.555 0.107 1.55 247.0
2458028.81628 20.866 0.237 9.99 0.0
2458034.74821 20.496 0.189 9.99 0.0
2458040.63292 20.587 0.167 9.99 0.0
2458047.58507 20.289 0.115 9.99 0.0
2458053.71218 20.626 0.133 9.99 0.0
2458056.73139 20.366 0.109 3.67 467.0
2458064.65766 20.459 0.153 4.45 496.0
2458067.65771 20.538 0.129 1.83 408.0
2458071.62187 20.539 0.131 5.21 274.0
2458075.60892 20.741 0.167 9.99 0.0
2458080.60276 20.314 0.110 4.26 415.0
2458085.60648 20.555 0.161 9.99 0.0
2458091.60056 20.259 0.178 5.99 959.0
2458097.61012 20.717 0.146 4.26 331.0
2458104.61412 20.659 0.168 1.83 425.0
2458112.64109 20.690 0.169 1.58 349.0
2458117.61110 20.623 0.163 1.76 462.0
2458122.64647 20.961 0.221 3.98 593.0
2458128.55938 20.587 0.151 1.58 190.0
2458134.59033 20.459 0.111 4.69 265.0
2458139.59494 20.639 0.157 9.99 0.0
2458144.56265 20.586 0.168 9.99 0.0
2458148.56167 20.988 0.262 9.99 0.0
2458151.54784 20.455 0.146 1.53 492.0
2458286.94375 20.580 0.211 9.99 0.0
2458307.89325 20.779 0.175 9.99 0.0
2458314.90687 20.406 0.142 9.99 0.0
2458329.88829 20.885 0.245 4.77 743.0
2458332.88029 20.620 0.174 9.99 0.0
2458339.90076 20.477 0.117 4.74 261.0
2458344.89612 20.448 0.118 4.55 272.0
2458349.85917 20.570 0.128 3.96 312.0
2458357.78395 20.623 0.174 4.70 479.0
2458363.70486 20.303 0.090 4.38 214.0
2458368.69620 20.703 0.143 4.36 294.0
2458375.76120 20.425 0.107 1.77 212.0
2458377.75338 20.328 0.101 9.99 0.0
2458383.79856 20.364 0.117 9.99 0.0
2458385.79079 20.161 0.089 4.03 510.0
2458393.76033 20.595 0.129 9.99 0.0
2458401.69805 20.608 0.122 9.99 0.0
2458406.73413 20.372 0.111 1.45 262.0
2458410.65794 20.906 0.226 9.99 0.0
2458414.68850 20.438 0.174 9.99 0.0
2458417.69220 20.330 0.174 1.94 583.0
2458425.61167 20.531 0.126 9.99 0.0
2458432.64110 20.422 0.119 9.99 0.0
2458437.66742 20.370 0.124 9.99 0.0
2458441.64293 20.320 0.142 9.99 0.0
2458445.64365 20.294 0.138 1.35 662.0
2458450.64853 20.337 0.097 1.71 260.0
2458453.65397 20.189 0.094 4.28 344.0
2458456.72433 20.595 0.168 1.85 264.0
2458461.68592 20.451 0.128 9.99 0.0
2458464.65686 20.641 0.151 9.99 0.0
2458468.63239 20.550 0.161 9.99 0.0
2458474.58690 20.390 0.176 9.99 0.0
2458479.58636 20.461 0.093 1.78 200.0
2458487.56652 20.318 0.103 1.67 241.0
2458496.58830 20.426 0.123 9.99 0.0
2458503.59957 20.552 0.163 4.38 788.0
2458507.57325 20.313 0.127 3.87 460.0
2458512.57984 20.061 0.071 9.99 0.0
2458516.61244 20.262 0.114 1.45 249.0
2458525.57687 20.230 0.099 4.24 333.0
2458533.52665 20.402 0.176 9.99 0.0
2458540.52546 20.336 0.141 2.07 386.0
2458548.51921 20.444 0.106 1.41 261.0
2458674.92742 20.818 0.221 9.99 0.0
2458682.91803 20.453 0.141 4.48 516.0
2458692.91232 20.167 0.089 4.28 318.0
2458692.91477 20.291 0.098 3.96 321.0
2458700.88321 20.405 0.110 9.99 0.0
2458705.88367 20.386 0.119 9.99 0.0
2458711.82303 20.996 0.486 1.56 1397.0
